% astronomical unit in km
AU = 149597870;

% Sun
sun.mu = 1.327124400e11;

% Earth
earth.mu = 3.986004418e5;

% Moon
moon.mu = 4.9048695e3;

